PR_MSISDN__c
17879734127
13402275658
17873614839
19392021834
19392021810
19393811268
17876333140
13402099923
17873995339
19399029909
19393480253
19392163271
17872375740
17873605839
17876767043
17874489038
19393805667
17873787971
17879569596
17874053585
17875050204
17875999622
17874135374
17874135424
17873793375
17879098314
17873968813
19393139277
17879819660
19396104069
19393827635
17872224463
17879569705
13402265105
19397399868
17873965678
17872484508
17874662997
19392021613
19393418566
19393811267
19393904214
13402095357
17876409552
19393480375
17879566224
17876641971
17876795016
19392462344
17873793374
17875999623
17874737179
19392896841
17873490974
19393900214
17879734184
19393480237
13405131810
17879736165
17879146482
13402099926
19393418565
17879569595
17879569597
19393782348
19393827636
19392021611
19392021612
17879566228
13402048150
19399033439
19397166305
19397930749
19392021824
13405134711
13406901255
19397165855
19392258701
17873148729
17875905779
17872397268
17874478692
17873094424
17873660942
17872352344
17874356018
17876005724
17873703170
19393811186
19392295154
19393750141
19392870636
19392979217
19397158066
17872235580
17876445196
17876007646
17875909811
13402276154
17874356332
17879098288
17879033754
19397321488
17875629698
19393901637
17879640062
17875314371
19393781988
19392355514
17876883051
19393782505
13406425347
17874863981
19397163660
17879790329
17872393184
17874603213
17874356520
17873760772
19393782882
17876085966
17879204415
17875950874
17874013627
17874311057
17874013621
17875468089
17874388683
17872130151
17879604713
17877105447
13406261607
13406902260
17874872657
17879343025
17875865229
17872146244
17875018303
17879003705
19393323382
17876367839
13405148872
17873272233
17879734476
19393889242
17876859536
17875126682
19545912073
17874663237
17872224361
17874664042
17873166274
17874013618
17874339063
17876856188
17876858017
19396008273
19393536353
19393812391
17873668916
17872319313
19393537990
17873421434
19542579153
19397934903
19393765365
17873744669
19393780268
19393780280
13406434521
19392242212
17872482644
17874797060
17873421983
17876483811
17875869145
17879235569
17873413354
19393121640
17875685766
17875391431
17873790294
17878004407
17874772013
17876900732
17872181289
17874730731
17873549906
19393225921
13405148592
17875025612
17873429393
19394390328
19397935377
17875106785
19397933616
17874005645
19392337225
13405130722
19394390396
17874125978
13473305234
17872200597
17874244933
17872206422
17876755928
17873076110
13406905563
17873885258
17872285985
19393028808
17872392496
14845992617
17876750007
19397397769
19394789492
17872242575
17874007819
17872431786
19392720032
17879305032
17874674414
17876300131
17873487569
19397397768
17876336538
17874570444
17872208350
17873548813
17876793375
19394182496
17874691502
17876034860
17879086285
19392359335
17875090426
19392377200
17875908733
17872411888
17873795936
19393812315
19394380013
19393193907
17874611374
17872374321
17873298769
19399054854
17875159814
17873703434
19392736294
17874285310
19393861811
17874306939
17873601463
19392351967
13404732761
17873128699
17873082847
17872412873
17874016956
19399033365
17874309274
17874554968
17877184618
19393537407
17876896421
17873837113
19399027247
17879554496
19392331311
17873635917
17873615366
17875976795
17876000648
17876243957
17877177194
19392166392
19392281137
17874615051
13402447178
17874139110
17873621952
19395790614
17874319455
19399026010
14075351631
13403443552
19393321126
13405137793
19394578181
17873132453
17879405099
17872376283
19399034383
19399044720
17875797524
17879059609
17874776768
19393836443
17874552381
19395924507
17876907122
17876901799
17874123067
19397397854
17879230530
17875080521
17873650182
13402272158
19393536691
13406262463
19397397738
19397397792
17875538873
19393760844
19399048894
17874728983
19393900618
17879034313
17875266871
17874332805
17874242673
17879750000
19393414731
19393411398
19394050046
17873499041
19393537307
19399049616
17874332087
19393539918
19399023223
17874232576
17874139598
17876342737
19393824535
19397935804
19399048794
13402096009
19393803967
19393827422
19393760559
17876133099
19393822606
17875106108
19393537827
19393755151
17876891199
17873782476
19393482245
17874262615
19393863331
13402774187
17874825825
17872954063
19399054331
19393871950
13402044181
13402273062
13406269931
19393862818
19393482241
17879302181
19393904251
17876472464
17873131247
17874235856
19393536530
17875795965
19399024993
17872441846
17876068744
19393108426
17879811829
17876762364
19393827369
17876063111
17875606876
19392482765
19392600111
17873781014
19392478733
13402019673
17876989734
19397935806
17873085053
17874015350
19393908416
13405131902
17876853575
17879428395
19393234790
17873659574
17872146901
19394371668
17874442036
17873165728
17874036766
17879569382
19399054111
19399047187
19392259484
17879106289
17876926868
19399041696
17879569199
17879009860
19393804096
19394197112
19393539799
19393539809
13402046604
17873706400
17874785707
19393862756
19397938683
19395393765
17872446226
19394505535
17879832918
19392296584
17875065329
17876063631
17874000000
17876047794
19393356764
17873163688
17874789208
17875676196
17873710247
19393822622
17876852648
17879437299
19399026784
19393758666
17879402128
19396103334
17874551071
17875032031
19393760312
17874031794
17875903799
19397931913
17879300607
17879306951
19393536531
19397934577
13405137087
19393751753
17876891219
19393826536
13405148147
17874018191
17874626741
13402092288
13402041228
17875665466
19399034767
17876303053
17876037777
13402447562
19393804161
19393824229
19399021117
17879809803
13405140415
17872394362
17876143739
19393532577
19393804091
19394050045
19393806472
19393758667
19393908033
17876281387
17874246097
19399035203
17874007501
19399036272
19397166798
17879569113
13406423104
13406262178
17876853959
19393791713
17872385798
17874081433
17875081356
17879081356
19394197113
17876717764
17873986849
17874242323
17876896948
17875023973
17879569112
17875059399
19393531312
17873987718
19393781470
17874232335
19399037813
19399049734
17872242438
17874018640
17872247458
17874147579
19394780998
17872395535
17874242332
19393758669
19393822465
19393755788
19393804164
19399043237
17873813955
17874772635
17876191215
17879563387
17872315640
19393760359
17874018645
19393753121
19393812322
19393780926
19393537632
17874665497
17874262612
19393803248
19397938555
19393781420
19393871902
19393906749
17874242259
19393906744
17876717762
17876717768
19393418978
19399047179
19392464766
17873780867
19393791677
17879832925
17876895380
19393862701
19393539222
17872180600
19397938382
17875029477
17874242229
19392086959
17876062052
17875021519
19393755741
19399043084
19397164860
19397164778
19393871904
19397158417
19393804153
17876347315
19399052007
17874015309
19392296585
19393901298
17876063593
17874076101
19399043081
17875976992
19393537630
19393416862
19393537826
19393904762
17874015359
17875037497
19399040670
13404732992
19392484095
19393530051
17874696920
17872345861
19392395385
19393836327
19393820718
17875962967
17873105800
17876713055
17872359414
13406904155
17875569001
13402772704
19393822515
17873855391
19393902418
19392713943
19392399997
13402093044
19393805515
19393479339
17874060148
17874394811
13402044233
17874044135
17875909590
13406261972
17879417447
13406260811
17876494749
13402041609
19393790191
19393499763
19394881817
15738550970
17874693229
17873063032
17876485342
17872209227
19393831696
17877411447
19399041179
17875677749
19393764424
17874122564
17874056511
17872491322
17873794553
19392163572
17875166911
13404747118
17874542294
17876103938
17875080272
17876138163
19392734337
17873787465
19393821214
17874068717
19394197386
17874557379
17872394627
17872057162
17879817321
17872690312
17879727782
19393250322
17879736664
14048238780
17874018255
13402280450
17875570467
19397933187
17879734790
17879638900
17872929242
19393800362
19399058107
19399059099
19399059103
19399058151
19399056265
17874020244
17876894152
13406430923
19399046169
17872246984
19392551112
17877103345
17879259942
19393803528
17876894151
17873811118
17874049000
19393390922
13406264856
19392526552
13404738126
17872202791
19399039186
19399039071
17873097067
17875044164
17873442557
13405142847
17874693038
13406261282
19393416107
17874063909
17879032308
17872492954
19399021822
17873299747
17874055548
17874056893
17876854712
17875073458
17876487983
17873972931
19399029799
19399039190
19393803529
19394894969
19399039178
19393415964
19399058773
17872325135
17874474463
19399058987
17875338660
17874006180
19393480386
17876902988
17876161030
19393820037
13405144105
17876342435
17874826016
17872057909
19399029183
17872057902
17875855535
17879445790
19397938168
19392295890
19394881303
17879550469
17873097289
19399035119
19393803530
13402042804
19392760048
13405134689
19399031399
17874098642
13405144750
17876720293
19392398094
19399037099
17872052242
13402048611
19393903881
17873807758
17876928473
17872352740
17879739574
17874005810
17873497926
17873761445
17875135243
19399058563
17879949824
17872355869
17876152233
19393758170
17874582356
17874006122
17876920600
19393760907
17879089754
17876245615
17872208784
13402045087
17875660766
17873097474
17873982338
19399033939
19392796990
17875861943
17873077712
17873797794
17875522575
17875257272
17873787161
17874007607
17874359435
17879834980
17876495077
17875125523
19393755478
17876900743
19399021495
17874083093
17876790806
19394891464
13402011266
19392598468
17874006269
19397165151
13402048377
19393761012
19393760904
17879889081
19392719048
17876735781
17874003347
13406420691
17879947037
17879382387
13402279493
17875368690
17874020259
19399155815
19393806344
17875676085
19399021486
19393130543
17879091381
17876882688
19394894727
17875642292
17874042454
17876714817
17872412876
19394941381
19393755865
19393802629
19393860090
19392481464
19392831052
19393534190
19396991165
17874241055
17879088300
17874632750
15132761058
17876165546
17876345650
17874483730
17873120541
17873106481
17873075557
17876392234
17875907006
17874244559
19393900831
19399021484
19393441643
19392333316
17872231766
17874782434
17876754412
19397931318
19397397649
17874474082
17879947040
17876315766
17874517337
19393782065
19392181163
17874840724
17872446001
17872400784
19392255464
19393812847
17876105388
17873065249
17873612209
17873668795
19396103852
19399021483
19399021487
17873994730
17874751645
17876792631
13406428275
17873072894
19395929757
17875529900
17879838222
17874853641
17876750216
17874817904
19392641975
19397931345
17874019849
17872216163
19397931253
19393870658
17874633664
19398350452
19396103857
17874293559
17876914593
17875102253
13404736825
19397931396
17875045385
13406438865
17872145276
13402274454
17875469602
19393752493
19393535860
19393481559
19393481553
17874312005
19393321762
19393826160
17876895979
19393922527
17873600611
17874053019
19399041397
17876328647
19399021149
19393415187
19396552525
17874155756
17874497416
17876130563
13404747752
19394000649
19393481588
17873757834
19392299640
19392259238
19393812846
17875488818
17874266726
17876402701
19393750820
19394517686
19393534200
19393535861
19396552856
17873547664
14072536788
17872339544
19394001024
19393870430
17872061921
19393907805
17874826815
19393480649
19393802797
19397166822
17875250373
17872164843
19393481171
17876450228
19395927880
19392338440
13404749243
19393415771
17879107475
17874279016
19393321977
19397932829
19393870382
17875095776
17875054393
17872137961
17876249711
19394148384
19394383932
17874853617
17873936741
19392272311
19397397833
17875908001
17875439836
19393782462
17873071356
19393820128
17872241534
19397165196
17875281133
19399020770
17872106222
19393536371
19393539566
17874242013
17873993527
19393820015
19393811551
17873700132
19393750010
13406902696
19393536319
17872187818
17873091048
17875488829
17879180889
13406901282
13404738310
13406269499
17874022663
19393902577
17873288482
17872211819
17879813086
17874242012
19393750538
17872443814
17872403334
19393812844
19393821246
17876320014
13404742634
19394936942
17874145663
17877173285
17875092634
19393418735
19393870380
17872413202
17872413204
17875073239
19399033769
17876856043
19393950203
17874556909
19393534756
17872427045
19393536309
13402040958
17876890388
19393416981
17876732288
19393820097
19393881225
17873805782
17873983150
17875334076
17872475872
19396392987
19393482960
17876683926
13406426131
13405149191
17872441969
19392139795
17873782171
17872356514
17876282332
13402042356
19393801202
17872385501
17879564303
19393811552
19393801177
19393532597
17872239990
19392181198
19393535298
19393805032
17872999031
17872983752
19393870381
19392296614
19393870427
19399020719
19392296652
19399020764
19399021126
19393802669
19398910384
17873210232
17874826977
13406437272
19176642038
19396552857
19392584050
19397397870
13406261613
19393760565
19392280644
13405135520
19393805034
17879742188
17872080638
17874569266
13404739774
13406260110
13402447789
17876002057
19393084291
19392265077
19399041934
19392389747
19392255624
17872077619
17879736493
17875364320
19399022942
17876058919
17873074811
19392082850
19392101289
19394529602
17873650880
17872246134
17873079271
19392314489
13404737943
17873222123
17875108415
19393833903
17873973364
17872447056
17874333345
17879095696
19398454464
19393860084
17879736461
19393760566
19393903090
19393418901
17875300454
17872391533
19393417300
19399026326
17872244732
17874242015
17872242904
17874281791
13402441091
17876923601
19392023424
17875659374
17876066853
17873177859
19393480883
17876066884
19393950200
17874775254
17872180910
17873917448
17874082084
17874491529
17873843577
17875188168
17874870175
19394144938
13216820622
17874009018
17873702969
17876452393
17872988764
17872024428
17879323612
17876427420
17875981379
17879757559
17875255576
17879093597
19392020697
19393758672
19392525473
17874019559
17872499588
17873165791
17873166297
17873756371
17872372364
19393870079
17873635923
17875602489
17879555563
13402279712
13402096063
19393411726
17874007954
13402015305
17875297313
17873075924
17873107891
19395398234
17873624582
19393762841
17873814481
17874552132
17872247714
17873857463
17876444469
19397164816
13402047642
13404747131
17874486566
19399040182
19392552785
17873093194
19399030309
17873127289
17873404860
19393824444
17873070728
17876776536
17879181569
17873612755
19399033130
17876050099
17873408204
17874835684
17876101544
19394393245
19399058282
17874479697
17875677798
17875059035
13406263566
17879033441
17875126723
17875577294
13402047623
19394371899
17874313933
17875258050
14709746920
19432165133
17879949949
17876124795
17875048420
13402444928
17876892422
17872929247
17874201176
17879433856
17872105690
17876286297
17872385504
17876851365
19393881077
17876173298
19393754933
19393881078
17879039577
17873785325
17874779692
19392389560
17872992436
17872423669
17876068444
17875102085
17875102084
17879080179
19399020369
17873609094
19392352148
17874333177
17876901373
17879011266
17875179006
17874637354
13404747107
17879886207
17879309343
17879305838
17879731578
19399037954
17873982976
17876339988
17872378101
17873107744
13406264219
13402094700
17876759291
13402104771
17879049783
17873982396
19394884385
17875120252
17879443762
19394884384
17876723739
17873098157
17872366793
19395796052
17874495956
17872243750
19398810240
17875030112
17872121565
19394897749
17872449921
17875989113
17872396704
17872449945
17876924714
17872414206
17872086710
17873096287
17873095938
17872414260
13404730519
17876346644
14078441261
17872354353
17874248465
13402041696
13402041431
13402042359
17875032552
17873995623
17873234457
17879200148
17874579400
17875686666
19392083142
17875070151
17876772531
17873491144
19159295831
17872223082
13402104870
17879806182
17873606648
17875252751
17879145617
17875526602
17875973539
13404739111
17873763201
13406437308
17874036282
13405142288
17879758994
17872322744
17872455106
17873088255
13406430866
17875595841
17873102175
17873410697
17876244110
17873418113
17879257586
17872096453
17873701031
17874574644
13406437510
17873667746
17875071109
17875520429
17879230105
17875520211
19393499412
17874037170
17872015666
17874050815
13406437310
17874322051
17876358669
17874460830
13405148890
17876463576
13406904963
17876242335
13402273334
17875670900
17876726587
13402014335
13406263787
17872408276
17879807474
13406904675
13404740517
17873103791
19192723212
19392632784
17874380904
19394585828
17874140206
17872375071
17873066241
17872316451
17874493663
17874811859
17875106893
17874753295
13405149825
17875860081
13406906054
17879941503
17874574793
13606235873
17876710622
17879388574
19394382622
17873971381
17874291944
17873993541
14017490229
17877177788
17873600520
17873081626
17874336874
17872480610
17879817463
17872060317
17872282462
17876472032
19396000593
17872237083
13402273588
17879342200
17873067522
17873068288
17876891715
17876386813
17879790926
17873720499
17876471190
17872376448
17873783449
17875904969
19395396204
17876473181
17873960086
17877177787
17874211604
17876030927
17873495562
19396421782
19393480426
13404747709
17874478634
19397932878
14132216301
17872368070
17874633755
12166501830
14132217365
19392329092
17876002898
17872041000
17875546060
17873460519
17875085299
19392187614
17874773677
17875991043
17876389515
14132228848
17877173017
17874137757
19399022845
17873628071
17875670454
19392329100
17873097615
19392329102
13405142320
17877045739
17875306888
17873077989
19396423479
13406420101
17879084469
17876087704
13402448012
17876446828
17873495510
17873666530
17879041512
17877170094
17874208111
17877176547
17875011050
17879815836
17872340278
17875595101
17879559976
19394370728
17876855607
13862163736
17875859912
17873673974
17876166770
17873600255
17873600819
17874098044
17874135474
17873674783
17872455335
17875095833
17876885365
13406430210
13409984915
13402443481
17879753919
13403447286
19392395050
17874144812
17873060618
19393822999
17874002374
13403445502
17874131227
17874620937
17875032960
17874229581
13402444087
13405133010
13402271989
13402096321
17872038789
19392546518
17874060076
19392082637
17875978209
13405139971
17874026841
17875861498
17876003553
17878001656
17876130866
19392135085
19392160658
17873906505
17873621778
17873170161
13402015282
17872234165
17876908836
17878100885
17879082924
17874445160
17876901352
17874334194
17872417616
17879255015
17879002571
17875930919
17873963232
18148738901
17879085205
17874154350
17874334193
17875083174
17872467246
17872390067
17873423197
17875074302
17872343305
17875474888
13406438804
17875855392
17875483010
17873765267
17872264595
17873622207
17874507797
13406265999
17872370514
13402279412
17876385210
17872387527
17873062387
17879555012
17876339955
17874080268
17874151356
17873622562
17874059919
17876036554
17872337052
17874070182
17874070452
17879755510
17872244484
17873709977
17879347714
17874056163
17877337567
17872440128
17879181099
17874208224
17878032077
17875855155
17872376975
19392396932
17878942389
17876334844
17872878654
13404735715
17876921852
17876645252
17878857592
17872487194
17879058779
17872329551
19392396994
17876912365
17879005644
17879816475
17873604075
17876927589
17872495588
17872330999
19392920268
17876894582
17874003415
19392387682
19396452039
17874308324
19392272089
19393324871
17874084405
19394370170
19395795216
17879550959
17872423530
17877049992
17874774249
17872211390
17876442834
19392635205
17874337289
17877366226
17874757304
13405132010
17876455017
17874092497
13406269864
17874013695
13402278466
17876455014
17876455015
17872091578
17874365820
19393812287
19393750123
19393862683
19393821016
19397155599
19393481907
19399027579
19399025011
19393800431
17874632203
19392023612
19399042328
17876901933
19394161958
17874704145
19399034242
13402047424
13402094225
17873655226
17879834457
19397391619
17873083829
17872387934
17875901473
17873785659
19399048139
17873285997
17873474444
19392298471
17874463439
17876902126
19393011965
14078616171
17872334583
19392267330
19392292078
17876689887
17873619118
17874471682
17872141362
13402092986
17877180485
17875141689
19393538756
19397933994
17872488070
17879497908
17876285961
17879083272
19392296979
17873683928
19392665591
19392298451
17873976017
17876385484
17874550477
17873993497
17873089331
17874251155
17876880097
17873987990
19392073610
17874286277
17875398447
17876287689
17876033534
17872379460
19397933889
19399042327
19393906867
17874516637
19393538317
17874018777
19397166408
17872353414
17873089913
17874736246
17874297253
19395390539
17874860721
17879349741
17874144799
17874031000
17876724648
17874018948
17872214980
19393758852
13402097774
17872325774
17879644667
19393861918
17875041167
17876921666
17874141167
19399033953
19399041092
17879049404
17872232904
17876724224
17872146920
17873963902
19393862095
19397166795
17873877927
19399059368
17873938790
17876647336
19393821998
19393790001
19393806319
17879009704
19399040982
19393758743
17872386130
17872053102
17872371953
17875053171
13405142921
19392023383
17876723763
17875604643
17874843607
19393782114
19393821543
17872096985
17873608916
17876425015
17873716700
19393414500
17873210275
17876894855
19393782800
17876451911
17879340161
17872374912
19392791116
19395257510
13404736657
19392189798
17872106212
19393812318
19392271919
17875022230
17874398680
17872322216
19397931326
19399045656
17872359518
17872452546
17872224550
19399029020
17874470501
19397936623
19393418706
17877184955
17874555985
17875010832
19394398368
17874040501
19399023214
19399030949
17874337788
17876333525
17874060116
19393803199
19399039572
19393782794
17873078909
19393780970
17874012451
17879731376
19392393911
17874646279
17874330385
19393820896
19394166708
19394383264
17879817104
17873543268
17874012864
17874628518
19399029740
19393959092
19392350031
17874016622
17874591906
19399021273
19393754924
19399029027
17873662550
17876491067
17875961169
19399029122
19399028607
17872215873
17875037280
19393803777
17879790102
17879555273
17872230933
19393812472
17876854780
19396390245
17875475023
19397931404
17876896893
13402095777
19393908005
19393536221
17876455465
17874334727
19393196984
17875506170
17876498125
17872415454
17875851420
17879752202
17875137077
17876803642
17876472030
19392848485
17874017194
17873997609
17876646801
19392295074
19397391928
17874007407
17876066093
17873493737
13402040473
17876077773
17874468075
19393320072
17874772803
17873549206
19397391926
19397391923
19397391924
17872013033
13402274384
17879415348
17132067514
17872205968
13404735954
17876887295
19393753229
17879017425
17872167663
17872204050
17876346386
17875104043
17875031118
17872124707
17876446451
17873543303
19392023667
17874551053
17872392797
17876244209
17879404259
17876015549
19393905015
17879893536
17872025320
19392950565
17874467103
19399034049
19394194919
17872465357
19392274878
17874136097
17872425434
17875286336
17874015172
17875057235
17875572835
17872031432
17873470488
19399032776
19393905713
17873128977
17874726020
17876378289
17873427339
17875146530
19392250101
17876307726
19392265069
17872484837
19392245450
19397172173
17873907995
17873675498
17873071855
17876346358
19392265076
17879663518
17872381689
17879790666
17873061383
17879809176
17874826807
17873470560
17872206512
13402272266
19399023326
19397757503
17876246613
17875483348
19393905030
19393870537
17872443918
17873665319
17875286738
19396402112
17873974636
17879697722
17873809247
17879033407
19399043540
17877177779
17872194458
17876894801
17877180058
17875073160
19393414490
19396421166
17879050293
19399024874
19393756988
17873196617
17872328491
19397397650
19393756986
17875120633
19393908170
17876974147
19393417878
19393826834
17874043699
17876347039
17875289523
19393861152
17872768232
19392757483
17873191670
17873635748
17873915657
17876151733
17873971900
19393756927
17874469607
17872312063
17875522904
13404736900
17872213320
17872362808
17877103748
17877184633
17876246635
19392166325
17875958255
17876929678
17879609837
17876625775
19397397912
17874000152
17873147461
17872054533
17872353332
17872054433
19393481666
17875107747
19392339043
17872095755
17874389429
17876758259
17872996833
17875906847
17879556164
17874013131
17872481186
17872226658
19392591437
17875602713
17876885101
17875627683
17875901553
19397930337
17874394654
17879563674
17874220300
17878107377
17874755169
17872384380
19392295379
17878550714
17874061895
19399045713
17875628207
17874001363
17872241511
17874368408
17879569111
17873610876
19399039958
17873787274
13402092547
17873490727
17874330217
19392296883
19399058152
19399040656
19399038675
19399053894
19393903501
19393800609
19393811084
13402042100
17879145929
19399052848
19393440823
17875573440
17874553313
17873998712
17873616090
17875361356
17879063601
17872341768
19399053550
17876277191
17875304782
19397165742
19397165096
17875164670
19397322458
19399028606
17876907516
19392460775
19399021274
19399020356
17876761069
17879063559
19393754586
19393822462
13402443917
17873545400
19397397811
19395791015
17876725228
17873706366
17874232971
19393903287
19392499254
19393886322
19392360342
13402442850
17876728322
19393865961
19393867726
17877180337
13404730859
17879348581
19393130567
13402098034
19394106192
19393867474
17876924217
19392376140
19394104557
19397161402
13402098404
19394101697
19392356375
17873976875
19394106287
19392272622
19394104332
19393103637
13405139710
19396008234
19397162511
19393854342
19392272607
19393867701
19394101851
19393867927
19392385761
19396387776
19394103566
19393132717
17876902482
19397162479
17872415396
19392355765
13405140014
17876924130
17876907835
19393130170
13404731313
13406262060
19394104171
19397162277
17876648757
13406262622
19393866738
19396103957
19394102944
19397161931
19393130521
17874303083
19393130124
17873093634
17874006889
17872219283
17872498402
19394387981
19392353893
19392168244
19392085606
13406905454
19393854353
13402448999
13402018914
19397162857
19394103174
19393866683
19397162220
19397162300
19397161319
19393867832
19397162228
19397162465
13404747505
19393328713
19393866354
13402098542
19395927416
19397161663
19394389987
13402098068
19393866227
17876798476
19397162822
13402098553
17872422530
13406909438
19392523903
17876794108
19392375715
19394102648
17879004989
19393866447
17876406522
17872329304
13402098552
19393866489
19393866364
19393866388
19393866408
19397162523
19393864373
19397161385
19392520109
19397162517
19393866470
19393865704
19393865532
19393867384
17876858158
19393130893
19393865591
19397161437
19393865102
17876890046
19393867329
19397162573
19397162424
19393867180
19393866960
19397162416
19397162570
19397161750
19397161713
13402098739
19397162309
19397161962
19393866023
19393664572
19393866473
19393866423
19396100677
17874365122
19393866389
13402098532
19393866522
19397162545
19394104528
13402098600
19393866274
13406260340
19393866442
17879306297
13402098693
19392270889
13402275968
19394102619
17874774302
17872204937
17872090526
19393122721
19394898730
19393867591
19392168049
19394897614
19392084940
17876926101
17872446648
19393865623
17875106313
19392389654
19396388373
19393867142
17872318193
19392166133
19392383874
17879303140
17872346217
19397161573
19392166213
19392355239
19396000542
17876756124
19393853713
19393866608
19394104205
19393853623
19396103020
19392270887
17872416397
19393853712
19397162937
19393853622
19396387375
13402442937
17879050832
19392086402
19394105838
17875901641
19392357977
19393866441
13404732569
13404735468
19392523703
17876924356
17879666964
17876728916
19393836949
17872347464
19392355822
19393866506
17875909793
17872099986
19392258841
17874633163
19398082339
17874096158
19392377522
19393320332
17879258159
13402098401
19392384229
19395924292
17876751931
19393136595
19392399576
19397162213
17872217487
17872318744
19394104903
17874233906
17872326310
19396103844
19394384597
17876854802
19397162044
17874632075
17873604345
19392399579
19393131247
19393857719
19393129027
13402078471
17872351425
19394103445
19392278214
17873089428
17873069375
17877183624
17876649365
13402098840
17876928962
17876000864
19392089652
19393866488
19396104217
17876729842
17873997436
19393866203
19394898391
17872353489
19393137194
17876850101
19392278212
19392168542
17876243037
17872210430
19393867699
17879305230
19393866595
19393866432
17873790800
17879301063
19392398893
17873986926
19392276459
19394101900
19393417214
19393750112
19393821357
19393861740
19392520592
17872200166
13402104318
19393411123
17873705192
17874018691
19392353181
19393411182
13403443785
19397152556
17872317906
19397152358
19393860282
17875522011
17876891385
19392566079
19392290487
13402448671
19399050820
19393791338
17876246968
19399044642
19397933049
19397391570
19393482278
19393803540
19393122714
19393538042
19393548220
19392351292
17872249631
17874242308
19394881643
17879568225
17872314736
19393900502
19399053489
17873679895
19392360418
17872379784
13406900983
19393901536
19399036726
19399038756
19393418849
19392254421
19393336867
19394106596
19393765478
13405146448
17876855476
19393806640
17879734270
19393902146
19393137307
19393782886
17872234917
19394106592
19393827798
19392358895
19392360338
17879816684
19393903419
17877188434
17879814103
19394382073
17872246083
19392023706
13405147848
19393861932
17879731204
19393870684
19397938476
13402274489
19399024380
19393790138
13404730399
19393782905
19393414417
17877186015
13402017825
19393755197
19393870751
17703668101
19392290397
19392356016
13402099398
19393760320
19393753929
19392350583
19392021930
17876720465
19399026907
19393782672
13402014938
19393812380
19395396515
19393790261
19393439654
19393903365
19393812409
19399046198
19393790231
19393902594
19393802406
13404744454
19393806137
13402048688
13402094413
19392526792
19397934315
19394073760
19393131444
19399022649
19397399817
19397397506
19397397731
13404739673
19392295287
19397936038
17872210815
17876754588
17879811566
19393823989
19396386871
19399025451
19392295392
19393902831
13406428749
19399026427
19392359851
17876905973
19397397592
19399021851
19394897103
19393411862
19392386662
19393120943
19397933770
19393120892
17875037153
17874037007
19392384300
19393530427
17872404733
19393754774
19392298741
17874829129
19393121043
17873406172
19399035967
19397397620
19392355300
19392259963
19399029054
19393860150
19392352381
19392020903
13405136843
13405142073
13402092869
19397933057
19393863643
17875674753
19393139140
13402047011
13402449857
13402013722
19392355042
19392388887
19397397681
19397397639
19393530922
19395928843
17874244156
17875023797
13406429795
13404730082
17879814917
17876853609
19397936143
19395792510
19397397851
17875017228
17875858467
17876727830
17872326254
19393800478
19393871209
17873986759
13404741566
19392024139
19393336015
19393822471
17873619892
19393863977
19393871106
17879302465
19397935038
19399050836
19392250491
17879038390
19393127443
19392295407
19399025967
19399047764
13402041797
19397155892
17872212778
17879305042
19392089627
13402018448
13405132468
19399033961
17872488757
19392387200
19392372566
19392166258
19392167612
17875853127
19393826694
13404747915
19392356061
19393532028
17872200547
19392295465
13404732853
19399043807
19399026839
17872367990
17876320211
17875016483
17873613610
17879757115
19392380686
19392390741
19394753277
19392250384
17876661487
17873724263
19392292852
17877189551
13406269255
17875479846
17872379536
19392385826
17873971286
17873617990
17873967443
17874585955
17872409932
13409983581
17876401415
17874081548
17873632939
17872061178
17874092892
19393133545
17876753318
17876448186
17876906751
17873195416
19394753275
17873422811
17874083402
17872456032
17879739421
17872454366
17872248717
17875257877
19394753225
19394753276
17873120132
19395790914
17873980125
17875176586
17873406569
17876167398
17872457084
17875141911
17872231486
17879817329
17874605250
17873544314
14105625690
17873274969
13402271540
19393323225
17874535541
17876278612
13406427159
17875071134
17874752660
17879229753
17876243442
17879254393
17879444234
19393821009
17873795589
17872481304
17876246587
17872035234
17872349803
17875687262
17873795536
17879009683
17875874191
17876725489
19393758114
17876907728
17875621081
17876422811
17876645790
17876151796
19393323227
17876052212
17868121406
17872356646
17879309303
17876904763
17874004853
19395793605
17876629383
17879254942
17875048944
17873080474
17873492530
17874505491
13402012889
17875074900
17874204115
17876381778
17876963340
19312378224
17879254488
13406908412
17873654120
13406900454
17874138795
17874087595
17873993816
17874305465
17873563560
17876963427
17874305423
17873969123
19392574554
17879432269
16464696610
19399039184
17879302802
19397170463
17874151056
17879344592
17872339775
17875020206
17876723332
17872387198
17874097817
17872469257
19392925956
17875391707
17875061940
17876405224
17876904747
17874519153
17875652506
17872446372
17875189884
17874386442
17876723333
19399045439
17874773765
17875180388
17874085647
17872212292
17873782859
17876754952
17874557554
17879808265
19392251475
17876058970
17874021940
17873965098
19397175152
17876383424
17876922492
17875083043
17879607866
17872341470
19397938082
17879963857
17872172547
13403443179
17876243034
17874470051
17874544857
13406429330
17874390761
17874049810
17877106679
17876790838
17872240903
17875065545
17872245472
17874470260
17874842268
17875957300
17874491234
17872204449
17875601463
17874032412
17876988494
17879492773
17872419594
17872486131
17876641077
17873549306
17873547376
17875105958
19392165816
17875471333
17872400230
17872350077
17879143624
17875071732
17873780789
17876724923
15044639029
17873618328
17873618362
17872225699
17872399297
17876629333
14078618623
17875869024
17879739411
17875991760
19393836439
17874025284
19394382062
13409985442
17873626887
17879096726
17873428434
17873072162
17875478688
17875040457
17874204596
17873796889
17874300219
17874251779
17872485419
17879340680
17872484877
17877178322
17872484704
17872497746
13406265982
17873964196
17874557557
17876924710
17872365426
17876450402
13402449810
13402016801
13402772156
13402040577
17875998870
13402050514
19393320281
17873097064
17876790068
17873562826
19392526970
17874143834
17876644507
17875027794
17875467539
19393325353
17879223278
13406907912
17874052730
17872346443
17874555577
17879431016
17874591663
19393800285
19392274927
17872213280
17872476220
17874848686
17874248686
13402442610
17876157811
17875973548
13406423877
13405138778
17873766391
17875857573
17874484234
19395793904
19393764000
17874013763
19393870930
19397155668
19392536676
19393752648
17876409127
19393482273
19392290375
17874468262
19394100627
17879724717
17872334291
17879302592
19392023028
19393907799
19393430449
17874242503
19392023029
19399031591
17874012763
19393862878
17874735021
19393801780
17875571824
19399026022
19393902026
19393801420
19393902294
19399024933
19393907845
19393902081
19393801201
19399054350
12283837276
19399032538
13402045582
19393781196
13402043380
17876477215
17875294422
19392805544
19393751317
17873635291
19399033450
17879295177
19393782944
17874018549
19393782851
19393790272
19392290372
17874241657
19393801954
19393905823
17876686293
19399030306
19393824154
19393824115
17879734919
19393871547
19399057147
19393752135
17876674874
17872012638
17872103313
17879736646
17876247379
19393754325
17872238879
17873211061
17873560933
19393903230
17879300536
19399033282
19393755660
19393906364
19393415795
19393411943
19399053283
19394962858
17874015741
19393900065
17879383533
19392290653
19399043963
17872972858
17875658096
17879483214
19392290677
19392295470
19392290668
19399031159
19399031157
17876423429
17874671540
17874016618
19399041061
19397152339
19393826764
19399038425
17874018064
19393903802
19399038640
17876345727
17875037851
17873658416
17879039930
17875061116
17875061117
19399052828
19393755210
17874241878
17873972500
17875316825
17874852939
17876853734
19397154929
19393791984
17872334040
19393810204
17873464061
13402044517
19393782952
19392329345
17879836472
17873922424
19395778495
19393417951
13404732678
19395778494
17876102963
17873490227
17876689006
17876349227
17877174951
17876349564
19393802942
19393534837
19397164967
19399054640
19399037103
19397164879
19394285784
13402052364
19393860648
17873093182
17876347821
19399025597
17872267049
17872420580
19393349873
17874825531
17874492020
19399024407
19393213752
19393531480
19393104805
17876192025
17875037986
19392290272
19399025827
17879731633
17879149155
19399050585
17872239384
19397158081
19392725420
19393812285
17879239537
17879388691
19392262375
19397166745
19399044457
19392946309
17874013688
19393821021
17875134649
19393790817
17873962248
19397154597
17876678090
17874036347
17874817601
17876472257
17873746913
19399021797
13053432148
19399037102
19393812328
17876407459
19397397640
19399029097
19393836796
17876066286
17874457887
17879147809
13402044960
17872983749
19399042425
19397397498
17879755288
17879908145
17876699039
19399043145
19397163843
19399044165
19392522843
17873725600
17874020698
17874004145
17879739890
17879836092
17879204029
19397298686
17872982761
19397936971
17872369822
19399043931
13402040914
19399052622
19397159535
17879081411
17873780721
17875164478
19392721868
17875873164
17875479361
19392741131
17873548154
19393812955
19392290661
17876062377
17874624972
17876461674
19393532433
17873085646
17873224674
17877092055
19392814235
17873835280
17875967848
17874825852
19399037792
17874825860
17874246274
19393765707
19393464045
19393019142
17875109479
17874230203
19398669964
17879967889
19392290374
19392316198
19392130090
17876733412
17876977208
17876977218
17875109491
17875100229
19393782951
17872011816
17874361186
17874549433
17872981361
17873248645
19392710625
19393782724
17872982826
17874049050
17873275145
19397594534
17875869136
17879435359
17874646572
19392295220
17875387030
17874339910
17873599056
17873560277
17873063823
19399025968
17873965950
17874076890
19393901434
17872075416
19394608295
17879723889
19399050740
19395928882
17875590040
19394378533
17876750544
17874015720
19397935539
19393416813
17875433736
17874080962
17873098882
19393415602
17875596370
17875590016
19392295319
19393534738
19392073666
17879486071
17872082626
16145979212
17873793442
17874696772
19393534730
19393190880
17872986765
19392394513
19393790146
17874321268
19393760578
19392946892
17874242307
17875575263
17874242346
19393161328
17879620693
19394068175
19397887922
17873407175
19392295414
19397397892
17879140333
17876175579
19392860048
19399043802
19397397841
17873741644
19396383017
19397397859
19397397485
19399030368
17872217057
17874292091
17876345985
17876346175
13406437825
19392360189
19392021469
19399057937
17874051431
17875436264
19393802145
17876742383
19392021911
17879731106
17875549474
19397166530
19393820907
19393359956
17872379476
17879808852
17872417041
17872317316
17879806929
19393782706
17874334431
17876068947
17879806716
17879739662
17872213908
17875260430
19394936204
17873783493
19393412851
19399041143
19399024643
19393754189
19399024395
17875679276
17879075272
17876625877
19399023866
17872024651
19399053725
13402048708
19393812302
19399022693
13402046463
19399024385
19399024396
13402045697
17874365090
17875064721
17879017753
19392617913
19399029127
19393751855
17879018167
19394572737
19399053381
19392974069
19392290640
13402011890
17876071527
19393983059
19399052619
19396380815
19392290651
17876623061
19392295419
17873900326
13406907313
19397152264